%% Sample Fourier Descriptors

% These FDs are NOT parameterised by arc length.
% They all have a DC component of zero.
%
% To convert these FDs to arc-length parameterisation do something like the
% following:
%
%    d1 = arcParamFDs( c1 );       % Allow for 64 new FDs
% or
%    d1 = arcParamFDs( c1,N );     % Allow for a specified number, N

c1=[-0.0894,  0.3348,  0, -0.1854, -0.0410]';                     % Banana
c2=[ 0.3010, -0.2733,  0,  0.2438,  0.2728]';                     % Boomerang
c3=[-0.0582,  0.5203,  0, -1.1132, -0.2751]';                     % Fat banana
c4=[ 0.5777, -1.5031,  0,  2.4859,  2.0643]';                     % Horse's hoof

c5=[-0.5546,  1.2016, -1.7046,  0,  0.7516, -0.4501]';            % Sausage with wart
c6=[ 0.1868,  0.6535,  0.9138,  0,  0.5272,  0.3688]';            % Boogie board
c7=[-1.8270,  1.8913, -4.7226,  0, -2.4567,  0.5207]';            % Touching drops
c8=[ 0.1914,  0.2610,  0.7415,  0,  0.0139, -0.0376]';            % Protuberance

c9=[ 0.8122, -0.4139,  1.4216,  0,  0.0188,  0.8100, -0.0882]';   % One-armed cactus 
 
c10=[ 0.0770 + 0.9641i, -2.9545 + 1.2625i,  0, ...
      1.5749 + 4.4332i,  1.7215 - 0.7337i]';                      % Fat and skinny
c11=[-0.4677 - 2.2469i, -1.6309 + 1.6129i,  0, ...
      1.9573 + 0.3075i,  0.9373 - 1.0827i]';                      % Tick
c12=[ 1.3518 + 0.7881i, -0.5165 - 2.1212i,  0, ...
     -1.0495 + 0.2686i, -0.3319 - 0.5298i]';                      % Bean!
c13=[-3.2613 - 0.5156i, -2.0816 + 7.4543i,  0, ...
     -3.6075 + 1.0955i, -0.3114 + 0.5876i]';                      % Bean 2
c14=[-0.0793 + 0.2346i,  1.4338 + 0.1133i,  0, ...
      3.9308 - 0.4594i,  0.7807 + 1.4872i]';                      % Perfect bean

c15=[-0.5568 - 0.1738i,  1.3996 - 1.4992i,  1.8713 + 1.4581i, 0, ...
      1.2237 - 1.5280i, -0.3935 - 0.3052i]';                      % Kiwi
c16=[-0.1623 + 0.7543i,  0.1673 + 0.7969i,  1.1205 + 2.4705i, 0, ...
      0.1498 - 0.1459i, -0.3358 - 0.7153i]';                      % Protuberance 2
c17=[-0.4013 + 2.0644i,  2.5080 + 3.8396i,  5.9534 + 1.5419i, 0, ...
     -0.8124 + 1.4994i, -0.0929 - 0.2339i]';                      % Mickey mouse ears

c18=[-2.0598 + 1.0369i,  6.7033 + 0.9926i, -5.6405 - 3.7968i, 0, ...
     -1.8678 - 1.1125i, -0.4005 + 1.9138i,  0.1635 + 0.5016i]';   % Painter's palette
c19=[-0.0964 + 0.8052i,  2.8948 - 1.8165i, -2.0569 - 2.0558i, 0, ...
     -0.7227 - 7.4667i,  2.2173 + 0.9430i,  0.7011 - 3.5266i]';   % Touching drops 2